00000000000000000000000001000000000000000000000000000000001000000000
00000000000000000000000001000000000000000000000000000000001000000001
00000000000000000000000001000000000000000000000000000000001000000010
00000000000000000000000001000000000000000000000000000000001000000011
00000000000000000000000001000000000000000000000000000000001000000100
00000000000000000000000001000000000000000000000000000000001000000101
00000000000000000000000001000000000000000000000000000000001000000110
00000000000000000000000001000000000000000000000000000000001000000111
00000000000000000000000001000000000000000000000000000000001000001000
00000000000000000000000001000000000000000000000000000000001000001001
00000000000000000000000001000000000000000000000000000000001000001010
00000000000000000000000001000000000000000000000000000000001000001011
00000000000000000000000001000000000000000000000000000000001000001100
00000000000000000000000001000000000000000000000000000000001000001101
00000000000000000000000001000000000000000000000000000000001000001110
00000000000000000000000001000000000000000000000000000000001000001111
10000000000000000000000001000000100000000000000000000000001000000000
10000000000000000000000001000000100000000000000000000000001000000001
10000000000000000000000001000000100000000000000000000000001000000010
10000000000000000000000001000000100000000000000000000000001000000011
10000000000000000000000001000000100000000000000000000000001000000100
10000000000000000000000001000000100000000000000000000000001000000101
10000000000000000000000001000000100000000000000000000000001000000110
10000000000000000000000001000000100000000000000000000000001000000111
10000000000000000000000001000000100000000000000000000000001000001000
10000000000000000000000001000000100000000000000000000000001000001001
10000000000000000000000001000000100000000000000000000000001000001010
10000000000000000000000001000000100000000000000000000000001000001011
10000000000000000000000001000000100000000000000000000000001000001100
10000000000000000000000001000000100000000000000000000000001000001101
10000000000000000000000001000000100000000000000000000000001000001110
10000000000000000000000001000000100000000000000000000000001000001111